Classification Report:
              precision    recall  f1-score       support
39216          0.819235  0.793725  0.806279  4.675800e+04
7667916        0.903097  0.900383  0.901738  3.161100e+04
10028544       0.886761  0.925412  0.905674  3.432200e+04
10055424       0.792727  0.737017  0.763858  2.256800e+04
11455488       0.781623  0.792702  0.787123  2.222400e+04
11513775       0.933667  0.963319  0.948261  3.331980e+05
11974326       0.894429  0.983911  0.937039  6.271300e+04
12434877       0.969401  0.924572  0.946456  4.577900e+04
13356032       0.807709  0.664524  0.729154  1.644410e+05
13377024       0.835694  0.761972  0.797132  1.019880e+05
13414144       0.833568  0.858189  0.845699  3.303330e+05
16766720       0.631001  0.917113  0.747619  3.303300e+04
accuracy       0.860367  0.860367  0.860367  8.603666e-01
macro avg      0.840743  0.851903  0.843003  1.228968e+06
weighted avg   0.861183  0.860367  0.858713  1.228968e+06

Top 5 Most Important Features:
                 Feature  Importance
6               Mag_tile    0.902801
2              Grav_tile    0.846872
5                Mag_1VD    0.815384
7  Mag_analytical_signal    0.746806
1               Grav_1VD    0.742064